Version 0.9.7
5
 4 10 175 77 128 0 1
 5 80 400 206 81 2 2
 0 374 28 877 276 8 3
 1 141 554 206 81 140 4
 3 911 358 203 58 150 5
 0
20
 0 5 71 288 71 288 71 289 71 289 427 289 427 289 0 1 0 3
 0 5 71 249 71 249 278 249 278 455 922 455 922 395 0 1 0 5
 0 5 622 237 622 237 622 237 622 289 622 289 622 289 0 3 0 3
 255 5 71 228 71 228 156 228 156 228 156 565 156 565 0 1 0 4
 255 5 71 189 71 189 71 42 71 42 427 42 427 42 0 1 0 3
 255 5 544 94 544 94 544 94 544 42 544 42 544 42 0 3 0 3
 255 5 687 94 687 94 687 94 687 42 687 42 687 42 0 3 0 3
 255 5 830 94 830 94 830 94 830 42 830 42 830 42 0 3 0 3
 0 5 765 237 765 237 765 237 765 289 765 289 765 289 0 3 0 3
 0 5 908 237 908 237 908 237 908 289 908 289 908 289 0 3 0 3
 4227327 5 557 198 557 198 557 205 687 205 687 198 687 198 0 3 0 3
 4227327 5 713 198 713 198 713 205 830 205 830 198 830 198 0 3 0 3
 4227327 5 843 198 843 198 843 191 752 191 752 198 752 198 0 3 0 3
 4227327 5 583 198 583 198 583 191 739 191 739 198 739 198 0 3 0 3
 65280 5 544 198 544 198 544 347 197 347 197 565 197 565 0 3 0 4
 65280 5 570 198 570 198 570 372 216 372 216 565 216 565 0 3 0 4
 65280 5 700 198 700 198 700 399 236 399 236 578 216 578 0 3 0 4
 65280 5 856 198 856 198 856 434 957 434 957 402 957 402 0 3 0 5
 0 5 71 275 71 275 123 275 123 623 156 623 156 623 0 1 0 4
 65280 5 726 198 726 427 255 427 255 591 197 591 197 578 0 3 0 4
3
 7008 1 14 681 146 5 0 8583492 0 3
 7004 1 14 538 146 5 0 8583492 0 3
 7032 1 14 824 146 5 0 8583492 0 3
