Version 0.9.7
5
 4 10 175 77 128 0 1
 5 80 400 206 81 2 2
 0 370 39 877 276 8 3
 1 87 436 206 81 140 4
 3 340 424 203 58 150 5
 0
8
 255 5 71 202 71 202 102 202 102 202 102 447 102 447 0 1 0 4
 255 5 71 189 71 189 71 189 71 144 540 144 540 144 0 1 0 3
 0 5 71 288 71 288 71 505 71 505 102 505 102 505 0 1 0 4
 0 5 71 275 71 274 323 274 323 461 351 461 351 461 0 1 0 5
 65280 5 143 447 143 447 143 390 540 390 540 209 540 209 0 4 0 3
 65280 5 162 447 162 447 162 409 553 409 553 209 553 209 0 4 0 3
 65280 5 566 209 566 209 566 468 566 468 526 468 526 468 0 3 0 5
 0 5 71 249 71 249 71 248 618 248 618 209 618 209 0 1 0 3
1
 7008 1 14 534 157 5 0 8583492 0 3
