Version 0.9.7
5
 4 10 175 77 128 0 1
 5 80 400 206 81 2 2
 0 374 28 877 276 8 3
 1 141 554 206 81 140 4
 3 799 360 203 58 150 5
 0
15
 0 5 71 288 71 288 71 289 71 289 427 289 427 289 0 1 0 3
 0 5 71 249 71 249 278 249 278 455 810 455 810 397 0 1 0 5
 0 5 622 237 622 237 622 237 622 289 622 289 622 289 0 3 0 3
 255 5 71 228 71 228 156 228 156 228 156 565 156 565 0 1 0 4
 255 5 71 189 71 189 71 42 71 42 427 42 427 42 0 1 0 3
 255 5 544 94 544 94 544 94 544 42 544 42 544 42 0 3 0 3
 255 5 687 94 687 94 687 94 687 42 687 42 687 42 0 3 0 3
 0 5 765 237 765 237 765 237 765 289 765 289 765 289 0 3 0 3
 65280 5 544 198 544 198 544 347 197 347 197 565 197 565 0 3 0 4
 65280 5 570 198 570 198 570 372 216 372 216 565 216 565 0 3 0 4
 0 5 71 275 71 275 123 275 123 623 156 623 156 623 0 1 0 4
 4227327 5 557 198 557 198 557 205 687 205 687 198 687 198 0 3 0 3
 4227327 5 583 198 583 198 583 216 700 216 700 198 700 198 0 3 0 3
 4227327 5 596 198 596 198 596 191 713 191 713 198 713 198 0 3 0 3
 65280 5 609 198 609 198 609 433 845 433 845 404 845 404 0 3 0 5
2
 7008 1 14 681 146 5 0 8583492 0 3
 7004 1 14 538 146 5 0 8583492 0 3
