Version 0.9.7
5
 4 10 175 77 128 0 1
 5 80 400 206 81 2 2
 0 374 28 877 276 8 3
 1 141 554 206 81 140 4
 3 637 359 203 58 150 5
 0
10
 0 5 71 288 71 288 71 289 71 289 427 289 427 289 0 1 0 3
 0 5 71 249 71 249 278 249 278 455 648 455 648 396 0 1 0 5
 0 5 622 237 622 237 622 237 622 289 622 289 622 289 0 3 0 3
 255 5 71 228 71 228 156 228 156 228 156 565 156 565 0 1 0 4
 255 5 71 189 71 189 71 42 71 42 427 42 427 42 0 1 0 3
 255 5 544 94 544 94 544 94 544 42 544 42 544 42 0 3 0 3
 65280 5 544 198 544 198 544 347 197 347 197 565 197 565 0 3 0 4
 0 5 71 275 71 275 123 275 123 623 156 623 156 623 0 1 0 4
 65280 5 557 198 557 198 557 372 216 372 216 565 216 565 0 3 0 4
 65280 5 570 198 570 198 570 433 683 433 683 403 683 403 0 3 0 5
1
 7032 1 14 538 146 5 0 8583492 0 3
