Version 0.9.7
5
 4 10 175 77 128 0 1
 5 80 400 206 81 2 2
 0 370 39 877 276 8 3
 1 83 437 206 81 140 4
 3 614 359 203 58 150 5
 0
10
 0 5 71 288 71 288 71 334 423 334 423 300 423 300 0 1 0 3
 0 5 436 300 436 300 436 555 98 555 98 506 98 506 0 3 0 4
 0 5 71 249 71 249 229 249 229 413 625 413 625 396 0 1 0 5
 0 5 618 248 618 248 618 248 618 300 618 300 618 300 0 3 0 3
 255 5 71 228 71 228 98 228 98 228 98 448 98 448 0 1 0 4
 255 5 71 189 71 189 71 53 71 53 423 53 423 53 0 1 0 3
 255 5 540 53 540 53 540 53 540 105 540 105 540 105 0 3 0 3
 65280 5 540 209 540 209 540 364 139 364 139 448 139 448 0 3 0 4
 65280 5 553 209 553 209 553 381 158 381 158 448 158 448 0 3 0 4
 65280 5 566 209 566 209 566 461 660 461 660 403 660 403 0 3 0 5
1
 7032 1 14 534 157 5 0 8583492 0 3
